255 255 255 255 255 255 255 255 255 255 255 255 255 255 255 255
255 255 255 255 255 255 255 255 255 255 255 255 255 255 255 255
255 255   0   0   0   0   0   0   0   0   0   0   0   0 255 255
255 255   0   0   0   0   0   0   0   0   0   0   0   0 255 255
255 255   0   0   0   0   0   0   0   0   0   0   0   0 255 255
255 255   0   0   0 255 255 255 255 255 255   0   0   0 255 255
255 255   0   0   0 255   0 255 255   0 255   0   0   0 255 255
255 255   0   0   0 255   0 255 255   0 255   0   0   0 255 255
255 255   0   0   0 255   0   0   0   0 255   0   0   0 255 255
255 255   0   0   0 255 255  79  70 255 255   0   0   0 255 255
255 255   0   0   0 255 255   0   0 255 255   0   0   0 255 255
255 255   0   0   0   0   0   0   0   0   0   0   0   0 255 255
255 255   0   0   0   0   0   0   0   0   0   0   0   0 255 255
255 255   0   0   0   0   0   0   0   0   0   0   0   0 255 255
255 255 255 255 255 255 255 255 255 255 255 255 255 255 255 255
255 255 255 255 255 255 255 255 255 255 255 255 255 255 255 255
255 255 255 255 255 255 255 255 255 255 255 255 255 255 255 255
255 255 255 255 255 255 255 255 255 255 255 255 255 255 255 255
255 255   0   0   0   0   0   0   0   0   0   0   0   0 255 255
255 255   0   0   0   0   0   0   0   0   0   0   0   0 255 255
255 255   0   0   0   0   0   0   0   0   0   0   0   0 255 255
255 255   0   0   0 255 255 255 255 255 255   0   0   0 255 255
255 255   0   0   0 255   0 255 255   0 255   0   0   0 255 255
255 255   0   0   0 255   0 255 255   0 255   0   0   0 255 255
255 255   0   0   0 255   0   0   0   0 255   0   0   0 255 255
255 255   0   0   0 255 255  79  70 255 255   0   0   0 255 255
255 255   0   0   0 255 255   0   0 255 255   0   0   0 255 255
255 255   0   0   0   0   0   0   0   0   0   0   0   0 255 255
255 255   0   0   0   0   0   0   0   0   0   0   0   0 255 255
255 255   0   0   0   0   0   0   0   0   0   0   0   0 255 255
255 255 255 255 255 255 255 255 255 255 255 255 255 255 255 255
255 255 255 255 255 255 255 255 255 255 255 255 255 255 255 255
255 255 255 255 255 255 255 255 255 255 255 255 255 255 255 255
255 255 255 255 255 255 255 255 255 255 255 255 255 255 255 255
255 255   0   0   0   0   0   0   0   0   0   0   0   0 255 255
255 255   0   0   0   0   0   0   0   0   0   0   0   0 255 255
255 255   0   0   0   0   0   0   0   0   0   0   0   0 255 255
255 255   0   0   0 255 255 255 255 255 255   0   0   0 255 255
255 255   0   0   0 255   0 255 255   0 255   0   0   0 255 255
255 255   0   0   0 255   0 255 255   0 255   0   0   0 255 255
255 255   0   0   0 255   0   0   0   0 255   0   0   0 255 255
255 255   0   0   0 255 255  79  70 255 255   0   0   0 255 255
255 255   0   0   0 255 255   0   0 255 255   0   0   0 255 255
255 255   0   0   0   0   0   0   0   0   0   0   0   0 255 255
255 255   0   0   0   0   0   0   0   0   0   0   0   0 255 255
255 255   0   0   0   0   0   0   0   0   0   0   0   0 255 255
255 255 255 255 255 255 255 255 255 255 255 255 255 255 255 255
255 255 255 255 255 255 255 255 255 255 255 255 255 255 255 255

255 255 255 255 255 255 255 255 255 255 255 255 255 255 255 255
255 208 146 146 146 146 146 146 146 146 146 146 146 146 208 255
255 146   0   0   0   0   0   0   0   0   0   0   0   0 146 255
255 146   0   0   0   0   0   0   0   0   0   0   0   0 146 255
255 146   0   0  18  67  67  67  62  59  67  17   0   0 146 255
255 146   0   0  67 255 251 211 155 238 233  67   0   0 146 255
255 146   0   0  67 231 146  59 126 189 151  67   0   0 146 255
255 146   0   0  67 217 210 116 157 124  68  67   0   0 146 255
255 146   0   0  67 217 210 116 158 123  68  67   0   0 146 255
255 146   0   0  67 231 146  59 126 189 151  67   0   0 146 255
255 146   0   0  67 255 251 211 154 237 233  67   0   0 146 255
255 146   0   0  18  67  67  67  62  59  67  17   0   0 146 255
255 146   0   0   0   0   0   0   0   0   0   0   0   0 146 255
255 146   0   0   0   0   0   0   0   0   0   0   0   0 146 255
255 208 146 146 146 146 146 146 146 146 146 146 146 146 208 255
255 255 255 255 255 255 255 255 255 255 255 255 255 255 255 255
255 255 255 255 255 255 255 255 255 255 255 255 255 255 255 255
255 208 146 146 146 146 146 146 146 146 146 146 146 146 208 255
255 146   0   0   0   0   0   0   0   0   0   0   0   0 146 255
255 146   0   0   0   0   0   0   0   0   0   0   0   0 146 255
255 146   0   0  18  67  67  67  62  59  67  17   0   0 146 255
255 146   0   0  67 255 251 211 155 238 233  67   0   0 146 255
255 146   0   0  67 231 146  59 126 189 151  67   0   0 146 255
255 146   0   0  67 217 210 116 157 124  68  67   0   0 146 255
255 146   0   0  67 217 210 116 158 123  68  67   0   0 146 255
255 146   0   0  67 231 146  59 126 189 151  67   0   0 146 255
255 146   0   0  67 255 251 211 154 237 233  67   0   0 146 255
255 146   0   0  18  67  67  67  62  59  67  17   0   0 146 255
255 146   0   0   0   0   0   0   0   0   0   0   0   0 146 255
255 146   0   0   0   0   0   0   0   0   0   0   0   0 146 255
255 208 146 146 146 146 146 146 146 146 146 146 146 146 208 255
255 255 255 255 255 255 255 255 255 255 255 255 255 255 255 255
255 255 255 255 255 255 255 255 255 255 255 255 255 255 255 255
255 208 146 146 146 146 146 146 146 146 146 146 146 146 208 255
255 146   0   0   0   0   0   0   0   0   0   0   0   0 146 255
255 146   0   0   0   0   0   0   0   0   0   0   0   0 146 255
255 146   0   0  18  67  67  67  62  59  67  17   0   0 146 255
255 146   0   0  67 255 251 211 155 238 233  67   0   0 146 255
255 146   0   0  67 231 146  59 126 189 151  67   0   0 146 255
255 146   0   0  67 217 210 116 157 124  68  67   0   0 146 255
255 146   0   0  67 217 210 116 158 123  68  67   0   0 146 255
255 146   0   0  67 231 146  59 126 189 151  67   0   0 146 255
255 146   0   0  67 255 251 211 154 237 233  67   0   0 146 255
255 146   0   0  18  67  67  67  62  59  67  17   0   0 146 255
255 146   0   0   0   0   0   0   0   0   0   0   0   0 146 255
255 146   0   0   0   0   0   0   0   0   0   0   0   0 146 255
255 208 146 146 146 146 146 146 146 146 146 146 146 146 208 255
255 255 255 255 255 255 255 255 255 255 255 255 255 255 255 255

255 255 255 255 255 255 255 255 255 255 255 255 255 255 255 255
255 208 146 146 146 146 146 146 146 146 146 146 146 146 208 255
255 146   0   0   0   0   0   0   0   0   0   0   0   0 146 255
255 146   0   0   0   0   0   0   0   0   0   0   0   0 146 255
255 146   0   0  17  67  67  67  67  67  67  17   0   0 146 255
255 146   0   0  67 233 151  68  68 151 233  67   0   0 146 255
255 146   0   0  59 238 189 124 123 189 237  59   0   0 146 255
255 146   0   0  62 155 126 157 158 126 154  62   0   0 146 255
255 146   0   0  67 211  59 116 116  59 211  67   0   0 146 255
255 146   0   0  67 251 146 210 210 146 251  67   0   0 146 255
255 146   0   0  67 255 231 217 217 231 255  67   0   0 146 255
255 146   0   0  18  67  67  67  67  67  67  18   0   0 146 255
255 146   0   0   0   0   0   0   0   0   0   0   0   0 146 255
255 146   0   0   0   0   0   0   0   0   0   0   0   0 146 255
255 208 146 146 146 146 146 146 146 146 146 146 146 146 208 255
255 255 255 255 255 255 255 255 255 255 255 255 255 255 255 255
255 255 255 255 255 255 255 255 255 255 255 255 255 255 255 255
255 208 146 146 146 146 146 146 146 146 146 146 146 146 208 255
255 146   0   0   0   0   0   0   0   0   0   0   0   0 146 255
255 146   0   0   0   0   0   0   0   0   0   0   0   0 146 255
255 146   0   0  17  67  67  67  67  67  67  17   0   0 146 255
255 146   0   0  67 233 151  68  68 151 233  67   0   0 146 255
255 146   0   0  59 238 189 124 123 189 237  59   0   0 146 255
255 146   0   0  62 155 126 157 158 126 154  62   0   0 146 255
255 146   0   0  67 211  59 116 116  59 211  67   0   0 146 255
255 146   0   0  67 251 146 210 210 146 251  67   0   0 146 255
255 146   0   0  67 255 231 217 217 231 255  67   0   0 146 255
255 146   0   0  18  67  67  67  67  67  67  18   0   0 146 255
255 146   0   0   0   0   0   0   0   0   0   0   0   0 146 255
255 146   0   0   0   0   0   0   0   0   0   0   0   0 146 255
255 208 146 146 146 146 146 146 146 146 146 146 146 146 208 255
255 255 255 255 255 255 255 255 255 255 255 255 255 255 255 255
255 255 255 255 255 255 255 255 255 255 255 255 255 255 255 255
255 208 146 146 146 146 146 146 146 146 146 146 146 146 208 255
255 146   0   0   0   0   0   0   0   0   0   0   0   0 146 255
255 146   0   0   0   0   0   0   0   0   0   0   0   0 146 255
255 146   0   0  17  67  67  67  67  67  67  17   0   0 146 255
255 146   0   0  67 233 151  68  68 151 233  67   0   0 146 255
255 146   0   0  59 238 189 124 123 189 237  59   0   0 146 255
255 146   0   0  62 155 126 157 158 126 154  62   0   0 146 255
255 146   0   0  67 211  59 116 116  59 211  67   0   0 146 255
255 146   0   0  67 251 146 210 210 146 251  67   0   0 146 255
255 146   0   0  67 255 231 217 217 231 255  67   0   0 146 255
255 146   0   0  18  67  67  67  67  67  67  18   0   0 146 255
255 146   0   0   0   0   0   0   0   0   0   0   0   0 146 255
255 146   0   0   0   0   0   0   0   0   0   0   0   0 146 255
255 208 146 146 146 146 146 146 146 146 146 146 146 146 208 255
255 255 255 255 255 255 255 255 255 255 255 255 255 255 255 255

255 255 255 255 255 255 255 255 255 255 255 255 255 255 255 255
255 208 146 146 146 146 146 146 146 146 146 146 146 146 208 255
255 146   0   0   0   0   0   0   0   0   0   0   0   0 146 255
255 146   0   0   0   0   0   0   0   0   0   0   0   0 146 255
255 146   0   0  17  67  59  62  67  67  67  18   0   0 146 255
255 146   0   0  67 233 237 154 211 251 255  67   0   0 146 255
255 146   0   0  67 151 189 126  59 146 231  67   0   0 146 255
255 146   0   0  67  68 123 158 116 210 217  67   0   0 146 255
255 146   0   0  67  68 124 157 116 210 217  67   0   0 146 255
255 146   0   0  67 151 189 126  59 146 231  67   0   0 146 255
255 146   0   0  67 233 238 155 211 251 255  67   0   0 146 255
255 146   0   0  17  67  59  62  67  67  67  18   0   0 146 255
255 146   0   0   0   0   0   0   0   0   0   0   0   0 146 255
255 146   0   0   0   0   0   0   0   0   0   0   0   0 146 255
255 208 146 146 146 146 146 146 146 146 146 146 146 146 208 255
255 255 255 255 255 255 255 255 255 255 255 255 255 255 255 255
255 255 255 255 255 255 255 255 255 255 255 255 255 255 255 255
255 208 146 146 146 146 146 146 146 146 146 146 146 146 208 255
255 146   0   0   0   0   0   0   0   0   0   0   0   0 146 255
255 146   0   0   0   0   0   0   0   0   0   0   0   0 146 255
255 146   0   0  17  67  59  62  67  67  67  18   0   0 146 255
255 146   0   0  67 233 237 154 211 251 255  67   0   0 146 255
255 146   0   0  67 151 189 126  59 146 231  67   0   0 146 255
255 146   0   0  67  68 123 158 116 210 217  67   0   0 146 255
255 146   0   0  67  68 124 157 116 210 217  67   0   0 146 255
255 146   0   0  67 151 189 126  59 146 231  67   0   0 146 255
255 146   0   0  67 233 238 155 211 251 255  67   0   0 146 255
255 146   0   0  17  67  59  62  67  67  67  18   0   0 146 255
255 146   0   0   0   0   0   0   0   0   0   0   0   0 146 255
255 146   0   0   0   0   0   0   0   0   0   0   0   0 146 255
255 208 146 146 146 146 146 146 146 146 146 146 146 146 208 255
255 255 255 255 255 255 255 255 255 255 255 255 255 255 255 255
255 255 255 255 255 255 255 255 255 255 255 255 255 255 255 255
255 208 146 146 146 146 146 146 146 146 146 146 146 146 208 255
255 146   0   0   0   0   0   0   0   0   0   0   0   0 146 255
255 146   0   0   0   0   0   0   0   0   0   0   0   0 146 255
255 146   0   0  17  67  59  62  67  67  67  18   0   0 146 255
255 146   0   0  67 233 237 154 211 251 255  67   0   0 146 255
255 146   0   0  67 151 189 126  59 146 231  67   0   0 146 255
255 146   0   0  67  68 123 158 116 210 217  67   0   0 146 255
255 146   0   0  67  68 124 157 116 210 217  67   0   0 146 255
255 146   0   0  67 151 189 126  59 146 231  67   0   0 146 255
255 146   0   0  67 233 238 155 211 251 255  67   0   0 146 255
255 146   0   0  17  67  59  62  67  67  67  18   0   0 146 255
255 146   0   0   0   0   0   0   0   0   0   0   0   0 146 255
255 146   0   0   0   0   0   0   0   0   0   0   0   0 146 255
255 208 146 146 146 146 146 146 146 146 146 146 146 146 208 255
255 255 255 255 255 255 255 255 255 255 255 255 255 255 255 255
